Starting Dynare (version 5.0).
Calling Dynare with arguments: none
Starting preprocessing of the model file ...
Found 70 equation(s).
Evaluating expressions...done
Computing static model derivatives (order 1).
Computing dynamic model derivatives (order 1).
Processing outputs ...
done
Preprocessing completed.


STEADY-STATE RESULTS:

U            		 -0.892082
UC           		 1.77213
UH           		 -2.49632
LAMBDA       		 0.99
R            		 1.0101
RK           		 1.0101
C            		 0.506878
W            		 1.40865
H            		 0.35
Y            		 0.821713
PWP          		 0.857143
K            		 6.0197
I            		 0.150493
tax          		 0.164343
A            		 1
G            		 0.164343
KY           		 7.3258
IY           		 0.183145
CY           		 0.616855
S            		 0
Sdash        		 0
Q            		 1
X            		 1
Rn           		 1.0101
ER           		 1.0101
PIE          		 1
MC           		 0.857143
JJ           		 5.65508
JJtilde      		 5.65508
J            		 5.65508
Jtilde       		 5.65508
PIEtilde     		 1
Delta        		 1
MS           		 1
UF           		 -0.892082
UCF          		 1.77213
UHF          		 -2.49632
RF           		 1.0101
GF           		 0.164343
PWPF         		 0.857143
HF           		 0.35
YF           		 0.821713
KF           		 6.0197
IF           		 0.150493
WF           		 1.40865
CF           		 0.506878
KYF          		 7.3258
IYF          		 0.183145
CYF          		 0.616855
taxF         		 0.164343
LAMBDAF      		 0.99
RKF          		 1.0101
SF           		 0
SdashF       		 0
QF           		 1
XF           		 1
OUTGAP       		 1
RR           		 1
RnRn         		 1
ERER         		 1
YY           		 1
CC           		 1
HH           		 1
WW           		 1
II           		 1
KK           		 1
QQ           		 1
PIEPIE       		 1
OUTGAPOUTGAP 		 1
varrho       		 0.857577

EIGENVALUES:
         Modulus             Real        Imaginary

       3.755e-18       -3.755e-18                0
       2.032e-17       -2.032e-17                0
       9.131e-17        9.131e-17                0
       3.703e-16       -3.703e-16                0
          0.5343           0.5343                0
          0.5562           0.5562                0
          0.5732            0.528           0.2232
          0.5732            0.528          -0.2232
            0.75             0.75                0
            0.75             0.75                0
            0.75             0.75                0
            0.75             0.75                0
            0.75             0.75                0
          0.8712           0.8712                0
          0.8732           0.8732                0
          0.9498           0.9498                0
          0.9529           0.9529                0
           1.057            1.057                0
           1.062            1.062                0
           1.125            1.125                0
           1.192            1.192                0
           1.278            1.271           0.1301
           1.278            1.271          -0.1301
           1.347            1.347                0
       1.513e+18        1.513e+18                0
       4.324e+48        4.324e+48                0
       1.885e+50       -1.885e+50                0
             Inf              Inf                0
             Inf              Inf                0
             Inf              Inf                0
             Inf              Inf                0


There are 14 eigenvalue(s) larger than 1 in modulus 
for 14 forward-looking variable(s)

The rank condition is verified.


MODEL SUMMARY

  Number of variables:         70
  Number of stochastic shocks: 4
  Number of state variables:   17
  Number of jumpers:           14
  Number of static variables:  42


MATRIX OF COVARIANCE OF EXOGENOUS SHOCKS
Variables        epsA      epsG     epsMS      epsM
epsA         1.000000  0.000000  0.000000  0.000000
epsG         0.000000  1.000000  0.000000  0.000000
epsMS        0.000000  0.000000  1.000000  0.000000
epsM         0.000000  0.000000  0.000000  1.000000

POLICY AND TRANSITION FUNCTIONS
                                  YY              CC              II              HH              WW              RR            ERER              QQ            RnRn          PIEPIE
Constant                    1.000000        1.000000        1.000000        1.000000        1.000000        1.000000        1.000000        1.000000        1.000000        1.000000
C(-1)                       0.799599        1.351657       -0.186611        1.142285        0.517254       -0.093036        0.047894       -0.499635        0.113830        0.093036
K(-1)                       0.003550        0.010797       -0.016979       -0.066123        0.000385        0.019507        0.014992       -0.044146       -0.008459       -0.019507
I(-1)                       0.955246       -0.101786        5.558618        1.364637        0.395519       -0.059431        0.092755       -1.254931        0.112716        0.059431
A(-1)                       0.011385       -0.020401        0.130876       -0.733736       -0.463092        0.203691        0.112205        0.160068       -0.090636       -0.203691
G(-1)                       0.840838       -0.050092       -0.223814        1.201197        0.479825       -0.094467        0.048375       -0.559605        0.118186        0.094467
Rn(-1)                     -0.268459       -0.381718       -0.180154       -0.383513       -1.478902        1.256174        0.812814       -1.350107        0.549060       -0.266174
Delta(-1)                   0.011331        0.053694       -0.118977        1.087616        0.764619       -0.186113       -0.101697       -0.115132        0.084771        0.186113
MS(-1)                     -0.027596       -0.024550       -0.067990       -0.039422       -0.103059       -0.104874       -0.058596       -0.113536        0.044710        0.104874
PIE(-1)                    -0.081934       -0.107847       -0.084128       -0.117048       -0.422517       -0.364603        0.071483       -0.395667        0.156697        0.364603
epsA                        0.015180       -0.027201        0.174502       -0.978314       -0.617456        0.271588        0.149607        0.213424       -0.120849       -0.271588
epsG                        0.184247       -0.010976       -0.049043        0.263210        0.105141       -0.020700        0.010600       -0.122623        0.025897        0.020700
epsMS                      -0.036794       -0.032733       -0.090653       -0.052563       -0.137412       -0.139833       -0.078129       -0.151382        0.059613        0.139833
epsM                       -0.387387       -0.550820       -0.259962       -0.553410       -2.134058        0.384090        1.172891       -1.948206        0.792295       -0.384090


THEORETICAL MOMENTS
VARIABLE         MEAN  STD. DEV.   VARIANCE
YY             1.0000     0.9849     0.9700
CC             1.0000     1.2420     1.5426
II             1.0000     1.4858     2.2077
HH             1.0000     1.7229     2.9683
WW             1.0000     2.7035     7.3087
RR             1.0000     1.4593     2.1296
ERER           1.0000     1.3742     1.8884
QQ             1.0000     2.2970     5.2762
RnRn           1.0000     0.9925     0.9851
PIEPIE         1.0000     0.8093     0.6550



VARIANCE DECOMPOSITION (in percent)
            epsA    epsG   epsMS    epsM
YY         25.07    5.66   10.96   58.31
CC         13.51    0.76    8.53   77.20
II         71.55    3.68   15.28    9.49
HH         51.70    3.78    6.32   38.19
WW          8.07    0.20    5.87   85.85
RR          6.43    0.20    1.54   91.83
ERER        3.35    0.20    0.70   95.75
QQ         11.28    0.91    3.14   84.67
RnRn       18.19    0.46    3.92   77.43
PIEPIE     32.46    0.13    8.43   58.98



MATRIX OF CORRELATIONS
Variables        YY      CC      II      HH      WW      RR    ERER      QQ    RnRn  PIEPIE
YY           1.0000  0.9373  0.7324  0.5238  0.7447 -0.7107 -0.6607  0.5707 -0.6963  0.3649
CC           0.9373  1.0000  0.6416  0.5824  0.8012 -0.8040 -0.7335  0.6066 -0.7088  0.5138
II           0.7324  0.6416  1.0000  0.0499  0.4157 -0.3273 -0.3675  0.4587 -0.5948 -0.1569
HH           0.5238  0.5824  0.0499  1.0000  0.6875 -0.6765 -0.5285  0.2139 -0.2214  0.8016
WW           0.7447  0.8012  0.4157  0.6875  1.0000 -0.7230 -0.9583  0.8474 -0.8553  0.6587
RR          -0.7107 -0.8040 -0.3273 -0.6765 -0.7230  1.0000  0.7049 -0.4742  0.5165 -0.7618
ERER        -0.6607 -0.7335 -0.3675 -0.5285 -0.9583  0.7049  1.0000 -0.9142  0.9017 -0.6662
QQ           0.5707  0.6066  0.4587  0.2139  0.8474 -0.4742 -0.9142  1.0000 -0.9801  0.3322
RnRn        -0.6963 -0.7088 -0.5948 -0.2214 -0.8553  0.5165  0.9017 -0.9801  1.0000 -0.2919
PIEPIE       0.3649  0.5138 -0.1569  0.8016  0.6587 -0.7618 -0.6662  0.3322 -0.2919  1.0000



COEFFICIENTS OF AUTOCORRELATION
Order          1       2       3       4       5
YY        0.8697  0.6782  0.4993  0.3591  0.2593
CC        0.8675  0.6581  0.4637  0.3162  0.2170
II        0.9555  0.8650  0.7566  0.6463  0.5426
HH        0.7142  0.4469  0.2449  0.1129  0.0368
WW        0.5363  0.2392  0.0796  0.0093 -0.0124
RR        0.6638  0.2524  0.0300 -0.0608 -0.0789
ERER      0.4828  0.1623  0.0028 -0.0556 -0.0623
QQ        0.4387  0.1243 -0.0210 -0.0697 -0.0725
RnRn      0.5214  0.2346  0.0873  0.0246  0.0057
PIEPIE    0.7732  0.4835  0.2632  0.1303  0.0637
Total computing time : 0h00m10s
