% 29-Mar-2024 17:11:18, created by disp_th_moments.m 
 
\begin{center}
\begin{longtable}{lcccccccccc} 
\caption{MATRIX OF CORRELATIONS}\\
 \label{Table:th_corr_matrix}\\
\toprule 
$Variables  $	 & 	 $         yy$	 & 	 $         cc$	 & 	 $         ii$	 & 	 $         hh$	 & 	 $         ww$	 & 	 $         RR$	 & 	 $      E(RR)$	 & 	 $         qq$	 & 	 $        RRn$	 & 	 $   \pi\pi$\\
\midrule \endfirsthead 
\caption{(continued)}\\
 \toprule \\ 
$Variables  $	 & 	 $         yy$	 & 	 $         cc$	 & 	 $         ii$	 & 	 $         hh$	 & 	 $         ww$	 & 	 $         RR$	 & 	 $      E(RR)$	 & 	 $         qq$	 & 	 $        RRn$	 & 	 $   \pi\pi$\\
\midrule \endhead 
\midrule \multicolumn{11}{r}{(Continued on next page)} \\ \bottomrule \endfoot 
\bottomrule \endlastfoot 
$yy         $	 & 	     1.0000	 & 	     0.9373	 & 	     0.7324	 & 	     0.5238	 & 	     0.7447	 & 	    -0.7107	 & 	    -0.6607	 & 	     0.5707	 & 	    -0.6963	 & 	     0.3649 \\ 
$cc         $	 & 	     0.9373	 & 	     1.0000	 & 	     0.6416	 & 	     0.5824	 & 	     0.8012	 & 	    -0.8040	 & 	    -0.7335	 & 	     0.6066	 & 	    -0.7088	 & 	     0.5138 \\ 
$ii         $	 & 	     0.7324	 & 	     0.6416	 & 	     1.0000	 & 	     0.0499	 & 	     0.4157	 & 	    -0.3273	 & 	    -0.3675	 & 	     0.4587	 & 	    -0.5948	 & 	    -0.1569 \\ 
$hh         $	 & 	     0.5238	 & 	     0.5824	 & 	     0.0499	 & 	     1.0000	 & 	     0.6875	 & 	    -0.6765	 & 	    -0.5285	 & 	     0.2139	 & 	    -0.2214	 & 	     0.8016 \\ 
$ww         $	 & 	     0.7447	 & 	     0.8012	 & 	     0.4157	 & 	     0.6875	 & 	     1.0000	 & 	    -0.7230	 & 	    -0.9583	 & 	     0.8474	 & 	    -0.8553	 & 	     0.6587 \\ 
$RR         $	 & 	    -0.7107	 & 	    -0.8040	 & 	    -0.3273	 & 	    -0.6765	 & 	    -0.7230	 & 	     1.0000	 & 	     0.7049	 & 	    -0.4742	 & 	     0.5165	 & 	    -0.7618 \\ 
$E(RR)      $	 & 	    -0.6607	 & 	    -0.7335	 & 	    -0.3675	 & 	    -0.5285	 & 	    -0.9583	 & 	     0.7049	 & 	     1.0000	 & 	    -0.9142	 & 	     0.9017	 & 	    -0.6662 \\ 
$qq         $	 & 	     0.5707	 & 	     0.6066	 & 	     0.4587	 & 	     0.2139	 & 	     0.8474	 & 	    -0.4742	 & 	    -0.9142	 & 	     1.0000	 & 	    -0.9801	 & 	     0.3322 \\ 
$RRn        $	 & 	    -0.6963	 & 	    -0.7088	 & 	    -0.5948	 & 	    -0.2214	 & 	    -0.8553	 & 	     0.5165	 & 	     0.9017	 & 	    -0.9801	 & 	     1.0000	 & 	    -0.2919 \\ 
$\pi\pi     $	 & 	     0.3649	 & 	     0.5138	 & 	    -0.1569	 & 	     0.8016	 & 	     0.6587	 & 	    -0.7618	 & 	    -0.6662	 & 	     0.3322	 & 	    -0.2919	 & 	     1.0000 \\ 
\end{longtable}
 \end{center}
% End of TeX file.
