% 29-Mar-2024 18:50:29, created by disp_th_moments.m 
 
\begin{center}
\begin{longtable}{lcccccccccc} 
\caption{MATRIX OF CORRELATIONS}\\
 \label{Table:th_corr_matrix}\\
\toprule 
$Variables  $	 & 	 $         yy$	 & 	 $         cc$	 & 	 $         ii$	 & 	 $         hh$	 & 	 $         ww$	 & 	 $         RR$	 & 	 $      E(RR)$	 & 	 $         qq$	 & 	 $        RRn$	 & 	 $   \pi\pi$\\
\midrule \endfirsthead 
\caption{(continued)}\\
 \toprule \\ 
$Variables  $	 & 	 $         yy$	 & 	 $         cc$	 & 	 $         ii$	 & 	 $         hh$	 & 	 $         ww$	 & 	 $         RR$	 & 	 $      E(RR)$	 & 	 $         qq$	 & 	 $        RRn$	 & 	 $   \pi\pi$\\
\midrule \endhead 
\midrule \multicolumn{11}{r}{(Continued on next page)} \\ \bottomrule \endfoot 
\bottomrule \endlastfoot 
$yy         $	 & 	     1.0000	 & 	    -0.9595	 & 	     0.9965	 & 	     0.9929	 & 	    -0.4876	 & 	     0.0303	 & 	     0.0442	 & 	     0.0648	 & 	    -0.9971	 & 	    -0.9969 \\ 
$cc         $	 & 	    -0.9595	 & 	     1.0000	 & 	    -0.9797	 & 	    -0.9854	 & 	     0.6918	 & 	    -0.1050	 & 	    -0.1110	 & 	    -0.1961	 & 	     0.9564	 & 	     0.9587 \\ 
$ii         $	 & 	     0.9965	 & 	    -0.9797	 & 	     1.0000	 & 	     0.9991	 & 	    -0.5525	 & 	     0.0528	 & 	     0.0645	 & 	     0.1043	 & 	    -0.9935	 & 	    -0.9941 \\ 
$hh         $	 & 	     0.9929	 & 	    -0.9854	 & 	     0.9991	 & 	     1.0000	 & 	    -0.5693	 & 	     0.0393	 & 	     0.0562	 & 	     0.1127	 & 	    -0.9889	 & 	    -0.9893 \\ 
$ww         $	 & 	    -0.4876	 & 	     0.6918	 & 	    -0.5525	 & 	    -0.5693	 & 	     1.0000	 & 	    -0.5082	 & 	    -0.4386	 & 	    -0.5596	 & 	     0.5015	 & 	     0.5149 \\ 
$RR         $	 & 	     0.0303	 & 	    -0.1050	 & 	     0.0528	 & 	     0.0393	 & 	    -0.5082	 & 	     1.0000	 & 	     0.9064	 & 	     0.1321	 & 	    -0.0430	 & 	    -0.0727 \\ 
$E(RR)      $	 & 	     0.0442	 & 	    -0.1110	 & 	     0.0645	 & 	     0.0562	 & 	    -0.4386	 & 	     0.9064	 & 	     1.0000	 & 	    -0.1879	 & 	    -0.0290	 & 	    -0.0595 \\ 
$qq         $	 & 	     0.0648	 & 	    -0.1961	 & 	     0.1043	 & 	     0.1127	 & 	    -0.5596	 & 	     0.1321	 & 	    -0.1879	 & 	     1.0000	 & 	    -0.1294	 & 	    -0.1249 \\ 
$RRn        $	 & 	    -0.9971	 & 	     0.9564	 & 	    -0.9935	 & 	    -0.9889	 & 	     0.5015	 & 	    -0.0430	 & 	    -0.0290	 & 	    -0.1294	 & 	     1.0000	 & 	     0.9995 \\ 
$\pi\pi     $	 & 	    -0.9969	 & 	     0.9587	 & 	    -0.9941	 & 	    -0.9893	 & 	     0.5149	 & 	    -0.0727	 & 	    -0.0595	 & 	    -0.1249	 & 	     0.9995	 & 	     1.0000 \\ 
\end{longtable}
 \end{center}
% End of TeX file.
