Starting Dynare (version 5.0).
Calling Dynare with arguments: none
Starting preprocessing of the model file ...
Found 32 equation(s).
Evaluating expressions...done
Computing static model derivatives (order 1).
Computing dynamic model derivatives (order 2).
Processing outputs ...
done
Preprocessing completed.


OPTIMAL SIMPLE RULE


OSR: Initial value of the objective function: 0.000232926 

-----------------
f at the beginning of new iteration,         0.0002329264
Predicted improvement:        0.000000000
lambda =          1; f =            0.0002329
lambda =     1.9332; f =            0.0002329
lambda =     3.7372; f =            0.0002329
lambda =     7.2247; f =            0.0002329
lambda =     13.967; f =            0.0002329
lambda =         27; f =            0.0002329
lambda =     52.196; f =            0.0002329
lambda =      100.9; f =            0.0002329
lambda =     195.07; f =            0.0002329
lambda =      377.1; f =            0.0002329
lambda =        729; f =            0.0002329
lambda =     1409.3; f =            0.0002329
lambda =     2724.4; f =            0.0002329
lambda =     5266.8; f =            0.0002328
lambda =      10182; f =            0.0002326
lambda =      19683; f =            0.0002324
lambda =      38051; f =            0.0002319
lambda =      73559; f =            0.0002309
lambda =  1.422e+05; f =            0.0002292
lambda =  2.749e+05; f =            0.0002260
lambda = 5.3144e+05; f =            0.0002208
lambda = 1.0274e+06; f =            0.0002141
Norm of dx 5.2454e-08
----
Improvement on iteration 1 =        0.000018813
-----------------
f at the beginning of new iteration,         0.0002141133
Predicted improvement:        0.000002038
lambda =          1; f =            0.0002123
Norm of dx   0.024711
----
Improvement on iteration 2 =        0.000001833
-----------------
f at the beginning of new iteration,         0.0002122802
Predicted improvement:        0.000000023
lambda =          1; f =            0.0002123
Norm of dx  0.0025096
----
Improvement on iteration 3 =        0.000000023
improvement < crit termination

OPTIMAL VALUE OF THE PARAMETERS:

              xx          5.00016

       alpha_pie         0.485119

         alpha_y        0.0224977

Objective function :      0.000212258



MODEL SUMMARY

  Number of variables:         32
  Number of stochastic shocks: 3
  Number of state variables:   12
  Number of jumpers:           8
  Number of static variables:  15


MATRIX OF COVARIANCE OF EXOGENOUS SHOCKS
Variables        epsA      epsG     epsMS
epsA         0.000100  0.000000  0.000000
epsG         0.000000  0.000100  0.000000
epsMS        0.000000  0.000000  0.000100

POLICY AND TRANSITION FUNCTIONS
                                  UC              UH               R              ER               W               H               Y               K               I             tax               A               G               C               Q               X             PIE              MC              Rn             UCF             UHF              RF              HF              YF              KF              IF              GF              WF              CF              QF              XF            taxF              MS
K(-1)                      -0.586239        0.406501        0.032044        0.014397        0.179738       -0.353695        0.052414        0.972803       -0.087867        0.173957               0               0        0.111057       -0.089500       -0.127184       -0.032044       -0.226370       -0.014366               0               0               0               0               0               0               0               0               0               0               0               0               0               0
A(-1)                      -0.468814        0.648493        0.085799        0.006987       -0.179678       -0.625934        0.086846        0.007880        0.315187        0.805613        0.750000               0        0.047209        0.390819        0.349243       -0.085799       -0.892459       -0.045201       -1.165792        0.521181       -0.559734       -0.398704        0.245907        0.011087        0.443477               0        0.644611        0.257789        1.112769        1.082646       -0.245907               0
G(-1)                       0.104590       -0.197260       -0.013571        0.002285        0.092670        0.195426        0.136798       -0.001485       -0.059395        0.461904               0        0.750000       -0.003768       -0.072811       -0.060270        0.013571        0.151298        0.009661               0               0               0               0               0               0               0               0               0               0               0               0               0               0
C(-1)                       0.277580       -0.574679       -0.040760        0.007905        0.297099        0.572922        0.401045       -0.003910       -0.156402       -0.870020               0               0        0.696581       -0.204213       -0.166884        0.040760        0.468975        0.028796               0               0               0               0               0               0               0               0               0               0               0               0               0               0
Rn(-1)                      2.369878        0.484234        1.585663        1.311611       -2.854112       -0.827102       -0.578972       -0.018185       -0.727384        3.681214               0               0       -0.722625       -2.524352       -2.564553       -0.585663       -3.102243        0.696167               0               0               0               0               0               0               0               0               0               0               0               0               0               0
KF(-1)                     -0.016235       -0.003703       -0.007805       -0.007971        0.019937        0.006075        0.004252        0.000159        0.006379       -0.026012               0               0        0.005000        0.017886        0.018168        0.007805        0.021760        0.001929       -0.775102        0.383733       -0.108816       -0.304565        0.086805        0.973727       -0.050937               0        0.391369        0.166610        0.079684        0.045181       -0.086805               0
GF(-1)                     -0.009073       -0.001973       -0.002642       -0.004082        0.011046        0.003293        0.002305        0.000080        0.003216       -0.014339               0               0        0.002782        0.009791        0.009949        0.002642        0.012034       -0.001136        0.222608       -0.175566        0.099741        0.156805        0.109763       -0.002002       -0.080079        0.750000       -0.047041       -0.039442       -0.195063       -0.184470        0.640237               0
CF(-1)                     -0.023766       -0.005119       -0.006684       -0.010787        0.028885        0.008574        0.006002        0.000206        0.008247       -0.037459               0               0        0.007281        0.025584        0.025996        0.006684        0.031457       -0.003421        0.612855       -0.483347        0.302293        0.431694        0.302186       -0.005216       -0.208628               0       -0.129508        0.591412       -0.554314       -0.524551       -0.302186               0
MS(-1)                      0.168679        0.064261       -0.051064       -0.011288       -0.232940       -0.090477       -0.063334       -0.003992       -0.159668        0.323417               0               0       -0.055266       -0.217334       -0.221021        0.051064       -0.260083        0.023347               0               0               0               0               0               0               0               0               0               0               0               0               0        0.750000
I(-1)                       0.107085       -0.205140       -0.015503        0.001107        0.098055        0.203455        0.142418        0.019731        0.789245       -0.301510               0               0       -0.003449       -0.133903       -0.118772        0.015503        0.159091        0.010725               0               0               0               0               0               0               0               0               0               0               0               0               0               0
PIE(-1)                     0.552784        0.132671       -0.286134        0.143410       -0.685455       -0.213846       -0.149692       -0.006027       -0.241084        0.899301               0               0       -0.171092       -0.610305       -0.620347        0.286134       -0.749609        0.135441               0               0               0               0               0               0               0               0               0               0               0               0               0               0
IF(-1)                     -0.012563       -0.002767       -0.004217       -0.005776        0.015331        0.004597        0.003218        0.000115        0.004582       -0.019928               0               0        0.003857        0.013629        0.013848        0.004217        0.016710       -0.000856        0.268090       -0.211437        0.110912        0.188842        0.132190        0.018725        0.749014               0       -0.056653       -0.047501       -0.294962       -0.280119       -0.132190               0
epsA                       -0.625086        0.864657        0.114399        0.009316       -0.239571       -0.834579        0.115795        0.010506        0.420249        1.074150        1.000000               0        0.062945        0.521092        0.465657       -0.114399       -1.189945       -0.060268       -1.554390        0.694908       -0.746312       -0.531605        0.327876        0.014783        0.591303               0        0.859482        0.343719        1.483692        1.443527       -0.327876               0
epsG                        0.127356       -0.265644       -0.021618       -0.002397        0.138288        0.264958        0.185471       -0.001873       -0.074904        0.596754               0        1.000000       -0.001315       -0.084027       -0.067095        0.021618        0.217775        0.011367        0.296810       -0.234088        0.132988        0.209073        0.146351       -0.002669       -0.106773        1.000000       -0.062722       -0.052590       -0.260084       -0.245960        0.853649               0
epsMS                       0.224906        0.085681       -0.068085       -0.015051       -0.310586       -0.120636       -0.084445       -0.005322       -0.212891        0.431222               0               0       -0.073689       -0.289779       -0.294694        0.068085       -0.346777        0.031129               0               0               0               0               0               0               0               0               0               0               0               0               0        1.000000


THEORETICAL MOMENTS
VARIABLE         MEAN  STD. DEV.   VARIANCE
UC             0.0000     0.0131     0.0002
UH             0.0000     0.0123     0.0002
R              0.0000     0.0031     0.0000
ER             0.0000     0.0028     0.0000
W              0.0000     0.0124     0.0002
H              0.0000     0.0122     0.0001
Y              0.0000     0.0097     0.0001
K              0.0000     0.0076     0.0001
I              0.0000     0.0244     0.0006
tax            0.0000     0.0240     0.0006
A              0.0000     0.0151     0.0002
G              0.0000     0.0151     0.0002
C              0.0000     0.0087     0.0001
Q              0.0000     0.0113     0.0001
X              0.0000     0.0110     0.0001
PIE            0.0000     0.0019     0.0000
MC             0.0000     0.0171     0.0003
Rn             0.0000     0.0021     0.0000
UCF            0.0000     0.0188     0.0004
UHF            0.0000     0.0082     0.0001
RF             0.0000     0.0089     0.0001
HF             0.0000     0.0065     0.0000
YF             0.0000     0.0099     0.0001
KF             0.0000     0.0063     0.0000
IF             0.0000     0.0202     0.0004
GF             0.0000     0.0151     0.0002
WF             0.0000     0.0121     0.0001
CF             0.0000     0.0098     0.0001
QF             0.0000     0.0174     0.0003
XF             0.0000     0.0170     0.0003
taxF           0.0000     0.0167     0.0003
MS             0.0000     0.0151     0.0002



VARIANCE DECOMPOSITION (in percent)
          epsA    epsG   epsMS
UC       84.90    3.68   11.42
UH       71.72    7.72   20.56
R        79.95    3.00   17.05
ER       81.78    3.10   15.13
W        43.81    1.74   54.45
H        65.84    7.43   26.73
Y        69.77    5.79   24.44
K        80.44    2.97   16.59
I        79.63    2.85   17.52
tax      36.67   22.68   40.65
A       100.00    0.00    0.00
G         0.00  100.00    0.00
C        67.05    1.43   31.52
Q        76.79    2.36   20.85
X        73.80    2.00   24.20
PIE      74.94    2.71   22.35
MC       59.15    2.01   38.84
Rn       77.80    3.05   19.15
UCF      96.28    3.72    0.00
UHF      88.11   11.89    0.00
RF       96.83    3.17    0.00
HF       85.28   14.72    0.00
YF       96.87    3.13    0.00
KF       96.46    3.54    0.00
IF       96.56    3.44    0.00
GF        0.00  100.00    0.00
WF       99.48    0.52    0.00
CF       97.74    2.26    0.00
QF       96.97    3.03    0.00
XF       97.15    2.85    0.00
taxF     33.96   66.04    0.00
MS        0.00    0.00  100.00



MATRIX OF CORRELATIONS
Variables        UC      UH       R      ER       W       H       Y       K       I     tax       A       G       C       Q       X     PIE      MC      Rn     UCF     UHF      RF      HF      YF      KF      IF      GF      WF      CF      QF      XF    taxF      MS
UC           1.0000 -0.5271  0.2418  0.7250 -0.5360  0.4207 -0.6704 -0.4170 -0.7350  0.1778 -0.8750  0.1830 -0.7023 -0.9132 -0.9032  0.4266  0.2924  0.9250  0.8225 -0.5721  0.7849  0.4447 -0.8013 -0.4197 -0.7802  0.1830 -0.8926 -0.8900 -0.7451 -0.7482  0.6402  0.3111
UH          -0.5271  1.0000  0.4211 -0.0137 -0.4349 -0.9927 -0.1507 -0.0313  0.0129  0.5642  0.6715 -0.2641 -0.1343  0.4871  0.4295 -0.6665 -0.9379 -0.3082 -0.8391  0.8618 -0.8468 -0.8223  0.3432  0.0529  0.3532 -0.2641  0.7231  0.4650  0.8566  0.8535 -0.4426  0.3417
R            0.2418  0.4211  1.0000  0.8003 -0.6745 -0.4838 -0.6533 -0.2560 -0.6530  0.6151 -0.1624  0.0318 -0.6545 -0.1802 -0.2191 -0.7461 -0.4632  0.4664 -0.1514  0.4745 -0.1739 -0.5710 -0.4817 -0.2631 -0.5314  0.0318 -0.0844 -0.4465  0.2315  0.2220  0.3140  0.0055
ER           0.7250 -0.0137  0.8003  1.0000 -0.7546 -0.0883 -0.7692 -0.2313 -0.8409  0.5070 -0.5971  0.1144 -0.7541 -0.7189 -0.7432 -0.2067 -0.1732  0.8958  0.3319  0.0166  0.3255 -0.1485 -0.7452 -0.2502 -0.7829  0.1144 -0.5269 -0.7548 -0.2735 -0.2830  0.5449  0.2206
W           -0.5360 -0.4349 -0.6745 -0.7546  1.0000  0.5404  0.8601  0.4730  0.7660 -0.7488  0.2602  0.0684  0.8775  0.4837  0.5304  0.2100  0.6219 -0.6740 -0.0380 -0.2500  0.0095  0.3457  0.5081  0.3922  0.4758  0.0684  0.2274  0.4811 -0.0614 -0.0550 -0.2388 -0.6691
H            0.4207 -0.9927 -0.4838 -0.0883  0.5404  1.0000  0.2561  0.0927  0.0905 -0.6275 -0.5926  0.2559  0.2430 -0.3904 -0.3303  0.6509  0.9598  0.1976  0.7790 -0.8388  0.7925  0.8147 -0.2527  0.0031 -0.2663  0.2559 -0.6452 -0.3701 -0.8086 -0.8049  0.3816 -0.4090
Y           -0.6704 -0.1507 -0.6533 -0.7692  0.8601  0.2561  1.0000  0.5420  0.9002 -0.4366  0.6053  0.2190  0.9337  0.5448  0.5732  0.1661  0.2385 -0.7191 -0.3443 -0.0465 -0.2958  0.1928  0.8229  0.4949  0.7437  0.2190  0.5663  0.7424  0.2330  0.2413 -0.2886 -0.3784
K           -0.4170 -0.0313 -0.2560 -0.2313  0.4730  0.0927  0.5420  1.0000  0.3477 -0.3158  0.2068 -0.0384  0.7114  0.0366  0.0345  0.1167  0.1013 -0.2078 -0.2232  0.0435 -0.0665  0.0274  0.4079  0.9127  0.2858 -0.0384  0.3175  0.5083  0.0069  0.0033 -0.2763 -0.0996
I           -0.7350  0.0129 -0.6530 -0.8409  0.7660  0.0905  0.9002  0.3477  1.0000 -0.5229  0.6924 -0.1285  0.8662  0.6710  0.6936  0.0982  0.1088 -0.8172 -0.4505  0.0899 -0.4334  0.0525  0.8197  0.3460  0.8959 -0.1285  0.6394  0.8055  0.3704  0.3792 -0.6018 -0.3334
tax          0.1778  0.5642  0.6151  0.5070 -0.7488 -0.6275 -0.4366 -0.3158 -0.5229  1.0000  0.1677  0.4650 -0.6155 -0.1406 -0.1864 -0.3904 -0.7423  0.3454 -0.2629  0.3521 -0.3041 -0.3664 -0.0324 -0.2341 -0.2096  0.4650  0.1712 -0.1433  0.3457  0.3440  0.4407  0.5541
A           -0.8750  0.6715 -0.1624 -0.5971  0.2602 -0.5926  0.6053  0.2068  0.6924  0.1677  1.0000  0.0000  0.5171  0.8184  0.7967 -0.3980 -0.5778 -0.7871 -0.9037  0.6274 -0.9045 -0.4870  0.8824  0.2554  0.8492  0.0000  0.9815  0.8811  0.8720  0.8776 -0.5224  0.0000
G            0.1830 -0.2641  0.0318  0.1144  0.0684  0.2559  0.2190 -0.0384 -0.1285  0.4650  0.0000  1.0000 -0.0608 -0.1423 -0.1282  0.0792  0.1082  0.1555  0.1818 -0.3244  0.1662  0.3607  0.1604 -0.0475 -0.1579  1.0000 -0.0639 -0.1323 -0.1558 -0.1503  0.8115  0.0000
C           -0.7023 -0.1343 -0.6545 -0.7541  0.8775  0.2430  0.9337  0.7114  0.8662 -0.6155  0.5171 -0.0608  1.0000  0.5057  0.5303  0.1736  0.2793 -0.7064 -0.3494  0.0240 -0.2672  0.1013  0.7138  0.6329  0.6866 -0.0608  0.5268  0.7451  0.2002  0.2048 -0.4777 -0.4061
Q           -0.9132  0.4871 -0.1802 -0.7189  0.4837 -0.3904  0.5448  0.0366  0.6710 -0.1406  0.8184 -0.1423  0.5057  1.0000  0.9979 -0.5119 -0.2374 -0.9463 -0.7420  0.5445 -0.7678 -0.4388  0.6745  0.0602  0.6907 -0.1423  0.7861  0.7174  0.7507  0.7557 -0.5284 -0.4265
X           -0.9032  0.4295 -0.2191 -0.7432  0.5304 -0.3303  0.5732  0.0345  0.6936 -0.1864  0.7967 -0.1282  0.5303  0.9979  1.0000 -0.4779 -0.1768 -0.9555 -0.7041  0.4980 -0.7311 -0.3916  0.6719  0.0535  0.6893 -0.1282  0.7586  0.7064  0.7128  0.7184 -0.5140 -0.4639
PIE          0.4266 -0.6665 -0.7461 -0.2067  0.2100  0.6509  0.1661  0.1167  0.0982 -0.3904 -0.3980  0.0792  0.1736 -0.5119 -0.4779  1.0000  0.5226  0.2396  0.6294 -0.7763  0.6542  0.7888 -0.0362  0.1273  0.0030  0.0792 -0.4549 -0.1065 -0.6897 -0.6843  0.0932  0.3230
MC           0.2924 -0.9379 -0.4632 -0.1732  0.6219  0.9598  0.2385  0.1013  0.1088 -0.7423 -0.5778  0.1082  0.2793 -0.2374 -0.1768  0.5226  1.0000  0.0609  0.7237 -0.7533  0.7403  0.7225 -0.2790  0.0055 -0.2672  0.1082 -0.6170 -0.3368 -0.7537 -0.7511  0.2632 -0.5616
Rn           0.9250 -0.3082  0.4664  0.8958 -0.6740  0.1976 -0.7191 -0.2078 -0.8172  0.3454 -0.7871  0.1555 -0.7064 -0.9463 -0.9555  0.2396  0.0609  1.0000  0.6331 -0.3506  0.6340  0.2234 -0.7697 -0.2164 -0.7912  0.1555 -0.7475 -0.8126 -0.5966 -0.6034  0.5967  0.3915
UCF          0.8225 -0.8391 -0.1514  0.3319 -0.0380  0.7790 -0.3443 -0.2232 -0.4505 -0.2629 -0.9037  0.1818 -0.3494 -0.7420 -0.7041  0.6294  0.7237  0.6331  1.0000 -0.8923  0.9842  0.8014 -0.6388 -0.2639 -0.6163  0.1818 -0.9526 -0.7329 -0.9711 -0.9702  0.5430  0.0000
UHF         -0.5721  0.8618  0.4745  0.0166 -0.2500 -0.8388 -0.0465  0.0435  0.0899  0.3521  0.6274 -0.3244  0.0240  0.5445  0.4980 -0.7763 -0.7533 -0.3506 -0.8923  1.0000 -0.8930 -0.9851  0.2228  0.0551  0.2388 -0.3244  0.7128  0.3755  0.9121  0.9058 -0.4260  0.0000
RF           0.7849 -0.8468 -0.1739  0.3255  0.0095  0.7925 -0.2958 -0.0665 -0.4334 -0.3041 -0.9045  0.1662 -0.2672 -0.7678 -0.7311  0.6542  0.7403  0.6340  0.9842 -0.8930  1.0000  0.8083 -0.6035 -0.0940 -0.6048  0.1662 -0.9276 -0.6724 -0.9962 -0.9966  0.5080  0.0000
HF           0.4447 -0.8223 -0.5710 -0.1485  0.3457  0.8147  0.1928  0.0274  0.0525 -0.3664 -0.4870  0.3607  0.1013 -0.4388 -0.3916  0.7888  0.7225  0.2234  0.8014 -0.9851  0.8083  1.0000 -0.0518  0.0275 -0.0816  0.3607 -0.5815 -0.2183 -0.8386 -0.8306  0.3576  0.0000
YF          -0.8013  0.3432 -0.4817 -0.7452  0.5081 -0.2527  0.8229  0.4079  0.8197 -0.0324  0.8824  0.1604  0.7138  0.6745  0.6719 -0.0362 -0.2790 -0.7697 -0.6388  0.2228 -0.6035 -0.0518  1.0000  0.4761  0.9240  0.1604  0.8425  0.9428  0.5426  0.5515 -0.4467  0.0000
KF          -0.4197  0.0529 -0.2631 -0.2502  0.3922  0.0031  0.4949  0.9127  0.3460 -0.2341  0.2554 -0.0475  0.6329  0.0602  0.0535  0.1273  0.0055 -0.2164 -0.2639  0.0551 -0.0940  0.0275  0.4761  1.0000  0.3459 -0.0475  0.3730  0.5854  0.0272  0.0237 -0.3249  0.0000
IF          -0.7802  0.3532 -0.5314 -0.7829  0.4758 -0.2663  0.7437  0.2858  0.8959 -0.2096  0.8492 -0.1579  0.6866  0.6907  0.6893  0.0030 -0.2672 -0.7912 -0.6163  0.2388 -0.6048 -0.0816  0.9240  0.3459  1.0000 -0.1579  0.7967  0.9224  0.5422  0.5513 -0.6902  0.0000
GF           0.1830 -0.2641  0.0318  0.1144  0.0684  0.2559  0.2190 -0.0384 -0.1285  0.4650  0.0000  1.0000 -0.0608 -0.1423 -0.1282  0.0792  0.1082  0.1555  0.1818 -0.3244  0.1662  0.3607  0.1604 -0.0475 -0.1579  1.0000 -0.0639 -0.1323 -0.1558 -0.1503  0.8115  0.0000
WF          -0.8926  0.7231 -0.0844 -0.5269  0.2274 -0.6452  0.5663  0.3175  0.6394  0.1712  0.9815 -0.0639  0.5268  0.7861  0.7586 -0.4549 -0.6170 -0.7475 -0.9526  0.7128 -0.9276 -0.5815  0.8425  0.3730  0.7967 -0.0639  1.0000  0.8858  0.8943  0.8972 -0.5567  0.0000
CF          -0.8900  0.4650 -0.4465 -0.7548  0.4811 -0.3701  0.7424  0.5083  0.8055 -0.1433  0.8811 -0.1323  0.7451  0.7174  0.7064 -0.1065 -0.3368 -0.8126 -0.7329  0.3755 -0.6724 -0.2183  0.9428  0.5854  0.9224 -0.1323  0.8858  1.0000  0.6091  0.6145 -0.6781  0.0000
QF          -0.7451  0.8566  0.2315 -0.2735 -0.0614 -0.8086  0.2330  0.0069  0.3704  0.3457  0.8720 -0.1558  0.2002  0.7507  0.7128 -0.6897 -0.7537 -0.5966 -0.9711  0.9121 -0.9962 -0.8386  0.5426  0.0272  0.5422 -0.1558  0.8943  0.6091  1.0000  0.9999 -0.4625  0.0000
XF          -0.7482  0.8535  0.2220 -0.2830 -0.0550 -0.8049  0.2413  0.0033  0.3792  0.3440  0.8776 -0.1503  0.2048  0.7557  0.7184 -0.6843 -0.7511 -0.6034 -0.9702  0.9058 -0.9966 -0.8306  0.5515  0.0237  0.5513 -0.1503  0.8972  0.6145  0.9999  1.0000 -0.4627  0.0000
taxF         0.6402 -0.4426  0.3140  0.5449 -0.2388  0.3816 -0.2886 -0.2763 -0.6018  0.4407 -0.5224  0.8115 -0.4777 -0.5284 -0.5140  0.0932  0.2632  0.5967  0.5430 -0.4260  0.5080  0.3576 -0.4467 -0.3249 -0.6902  0.8115 -0.5567 -0.6781 -0.4625 -0.4627  1.0000  0.0000
MS           0.3111  0.3417  0.0055  0.2206 -0.6691 -0.4090 -0.3784 -0.0996 -0.3334  0.5541  0.0000  0.0000 -0.4061 -0.4265 -0.4639  0.3230 -0.5616  0.3915  0.0000  0.0000  0.0000  0.0000  0.0000  0.0000  0.0000  0.0000  0.0000  0.0000  0.0000  0.0000  0.0000  1.0000



COEFFICIENTS OF AUTOCORRELATION
Order          1       2       3       4       5
UC        0.8438  0.6422  0.4530  0.3082  0.2152
UH        0.6254  0.3433  0.1542  0.0428 -0.0126
R         0.7222  0.3563  0.0801 -0.0736 -0.1307
ER        0.8600  0.6105  0.3600  0.1635  0.0350
W         0.8617  0.6929  0.5360  0.4096  0.3172
H         0.6286  0.3513  0.1669  0.0581  0.0027
Y         0.9454  0.8499  0.7340  0.6155  0.5066
K         0.9970  0.9883  0.9745  0.9564  0.9347
I         0.9609  0.8692  0.7498  0.6225  0.5004
tax       0.7598  0.5554  0.3975  0.2834  0.2045
A         0.7500  0.5625  0.4219  0.3164  0.2373
G         0.7500  0.5625  0.4219  0.3164  0.2373
C         0.9721  0.8996  0.8025  0.7000  0.6056
Q         0.8224  0.5668  0.3159  0.1177 -0.0143
X         0.8364  0.5865  0.3363  0.1354 -0.0006
PIE       0.5808  0.1038 -0.1913 -0.2975 -0.2812
MC        0.6032  0.3404  0.1856  0.1040  0.0653
Rn        0.8966  0.6723  0.4260  0.2195  0.0758
UCF       0.5359  0.2940  0.1710  0.1111  0.0841
UHF       0.3850  0.0908 -0.0382 -0.0844 -0.0910
RF        0.5210  0.2646  0.1284  0.0570  0.0206
HF        0.3834  0.0865 -0.0455 -0.0946 -0.1038
YF        0.9172  0.7920  0.6630  0.5463  0.4472
KF        0.9970  0.9883  0.9746  0.9569  0.9358
IF        0.9415  0.8330  0.7091  0.5872  0.4752
GF        0.7500  0.5625  0.4219  0.3164  0.2373
WF        0.7005  0.5113  0.3888  0.3076  0.2526
CF        0.9232  0.7978  0.6710  0.5610  0.4724
QF        0.4957  0.2268  0.0854  0.0132 -0.0218
XF        0.5023  0.2349  0.0930  0.0193 -0.0173
taxF      0.8286  0.6700  0.5344  0.4233  0.3345
MS        0.7500  0.5625  0.4219  0.3164  0.2373

ans =

   2.1226e-04


rhoparam =

    0.9933


asymptotic_loss =

    0.0043


MODEL SUMMARY

  Number of variables:         32
  Number of stochastic shocks: 3
  Number of state variables:   12
  Number of jumpers:           8
  Number of static variables:  15


MATRIX OF COVARIANCE OF EXOGENOUS SHOCKS
Variables        epsA      epsG     epsMS
epsA         0.000100  0.000000  0.000000
epsG         0.000000  0.000100  0.000000
epsMS        0.000000  0.000000  0.000100

POLICY AND TRANSITION FUNCTIONS
                                   Y               C               I               H               W               R               Q              Rn             PIE
K(-1)                       0.052414        0.111057       -0.087867       -0.353695        0.179738        0.032044       -0.089500       -0.014366       -0.032044
A(-1)                       0.086846        0.047209        0.315187       -0.625934       -0.179678        0.085799        0.390819       -0.045201       -0.085799
G(-1)                       0.136798       -0.003768       -0.059395        0.195426        0.092670       -0.013571       -0.072811        0.009661        0.013571
C(-1)                       0.401045        0.696581       -0.156402        0.572922        0.297099       -0.040760       -0.204213        0.028796        0.040760
Rn(-1)                     -0.578972       -0.722625       -0.727384       -0.827102       -2.854112        1.585663       -2.524352        0.696167       -0.585663
KF(-1)                      0.004252        0.005000        0.006379        0.006075        0.019937       -0.007805        0.017886        0.001929        0.007805
GF(-1)                      0.002305        0.002782        0.003216        0.003293        0.011046       -0.002642        0.009791       -0.001136        0.002642
CF(-1)                      0.006002        0.007281        0.008247        0.008574        0.028885       -0.006684        0.025584       -0.003421        0.006684
MS(-1)                     -0.063334       -0.055266       -0.159668       -0.090477       -0.232940       -0.051064       -0.217334        0.023347        0.051064
I(-1)                       0.142418       -0.003449        0.789245        0.203455        0.098055       -0.015503       -0.133903        0.010725        0.015503
PIE(-1)                    -0.149692       -0.171092       -0.241084       -0.213846       -0.685455       -0.286134       -0.610305        0.135441        0.286134
IF(-1)                      0.003218        0.003857        0.004582        0.004597        0.015331       -0.004217        0.013629       -0.000856        0.004217
epsA                        0.115795        0.062945        0.420249       -0.834579       -0.239571        0.114399        0.521092       -0.060268       -0.114399
epsG                        0.185471       -0.001315       -0.074904        0.264958        0.138288       -0.021618       -0.084027        0.011367        0.021618
epsMS                      -0.084445       -0.073689       -0.212891       -0.120636       -0.310586       -0.068085       -0.289779        0.031129        0.068085


THEORETICAL MOMENTS
VARIABLE         MEAN  STD. DEV.   VARIANCE
Y              0.0000     0.0097     0.0001
C              0.0000     0.0087     0.0001
I              0.0000     0.0244     0.0006
H              0.0000     0.0122     0.0001
W              0.0000     0.0124     0.0002
R              0.0000     0.0031     0.0000
Q              0.0000     0.0113     0.0001
Rn             0.0000     0.0021     0.0000
PIE            0.0000     0.0019     0.0000



VARIANCE DECOMPOSITION (in percent)
         epsA    epsG   epsMS
Y       69.77    5.79   24.44
C       67.05    1.43   31.52
I       79.63    2.85   17.52
H       65.84    7.43   26.73
W       43.81    1.74   54.45
R       79.95    3.00   17.05
Q       76.79    2.36   20.85
Rn      77.80    3.05   19.15
PIE     74.94    2.71   22.35



MATRIX OF CORRELATIONS
Variables         Y       C       I       H       W       R       Q      Rn     PIE
Y            1.0000  0.9337  0.9002  0.2561  0.8601 -0.6533  0.5448 -0.7191  0.1661
C            0.9337  1.0000  0.8662  0.2430  0.8775 -0.6545  0.5057 -0.7064  0.1736
I            0.9002  0.8662  1.0000  0.0905  0.7660 -0.6530  0.6710 -0.8172  0.0982
H            0.2561  0.2430  0.0905  1.0000  0.5404 -0.4838 -0.3904  0.1976  0.6509
W            0.8601  0.8775  0.7660  0.5404  1.0000 -0.6745  0.4837 -0.6740  0.2100
R           -0.6533 -0.6545 -0.6530 -0.4838 -0.6745  1.0000 -0.1802  0.4664 -0.7461
Q            0.5448  0.5057  0.6710 -0.3904  0.4837 -0.1802  1.0000 -0.9463 -0.5119
Rn          -0.7191 -0.7064 -0.8172  0.1976 -0.6740  0.4664 -0.9463  1.0000  0.2396
PIE          0.1661  0.1736  0.0982  0.6509  0.2100 -0.7461 -0.5119  0.2396  1.0000



COEFFICIENTS OF AUTOCORRELATION
Order          1       2       3       4       5
Y         0.9454  0.8499  0.7340  0.6155  0.5066
C         0.9721  0.8996  0.8025  0.7000  0.6056
I         0.9609  0.8692  0.7498  0.6225  0.5004
H         0.6286  0.3513  0.1669  0.0581  0.0027
W         0.8617  0.6929  0.5360  0.4096  0.3172
R         0.7222  0.3563  0.0801 -0.0736 -0.1307
Q         0.8224  0.5668  0.3159  0.1177 -0.0143
Rn        0.8966  0.6723  0.4260  0.2195  0.0758
PIE       0.5808  0.1038 -0.1913 -0.2975 -0.2812
Total computing time : 0h00m21s
