% 22-Mar-2024 15:23:20, created by disp_th_moments.m 
 
\begin{center}
\begin{longtable}{lcccccc} 
\caption{MATRIX OF CORRELATIONS}\\
 \label{Table:th_corr_matrix}\\
\toprule 
$Variables  $	 & 	 $         Y$	 & 	 $         C$	 & 	 $         I$	 & 	 $         H$	 & 	 $         W$	 & 	 $         R$\\
\midrule \endfirsthead 
\caption{(continued)}\\
 \toprule \\ 
$Variables  $	 & 	 $         Y$	 & 	 $         C$	 & 	 $         I$	 & 	 $         H$	 & 	 $         W$	 & 	 $         R$\\
\midrule \endhead 
\midrule \multicolumn{7}{r}{(Continued on next page)} \\ \bottomrule \endfoot 
\bottomrule \endlastfoot 
$Y          $	 & 	    1.0000	 & 	    0.7813	 & 	    0.9499	 & 	    0.8615	 & 	    0.9432	 & 	    0.4462 \\ 
$C          $	 & 	    0.7813	 & 	    1.0000	 & 	    0.6092	 & 	    0.3562	 & 	    0.9443	 & 	   -0.2080 \\ 
$I          $	 & 	    0.9499	 & 	    0.6092	 & 	    1.0000	 & 	    0.9265	 & 	    0.8252	 & 	    0.6308 \\ 
$H          $	 & 	    0.8615	 & 	    0.3562	 & 	    0.9265	 & 	    1.0000	 & 	    0.6439	 & 	    0.8373 \\ 
$W          $	 & 	    0.9432	 & 	    0.9443	 & 	    0.8252	 & 	    0.6439	 & 	    1.0000	 & 	    0.1246 \\ 
$R          $	 & 	    0.4462	 & 	   -0.2080	 & 	    0.6308	 & 	    0.8373	 & 	    0.1246	 & 	    1.0000 \\ 
\end{longtable}
 \end{center}
% End of TeX file.
